10 10
10
1 111 2 222 3 333 4 444 5 555 6 666 7 777 8 888 9 999 10 53445
10
1 111 2 222 3 333 4 444 5 555 6 666 7 777 8 888 9 999 10 53445
10
1 111 2 222 3 333 4 444 5 555 6 666 7 777 8 888 9 999 10 53445
10
1 111 2 222 3 333 4 444 5 555 6 666 7 777 8 888 9 999 10 53445
10
1 111 2 222 3 333 4 444 5 555 6 666 7 777 8 888 9 999 10 53445
10
1 111 2 222 3 333 4 444 5 555 6 666 7 777 8 888 9 999 10 53445
10
1 111 2 222 3 333 4 444 5 555 6 666 7 777 8 888 9 999 10 53445
10
1 111 2 222 3 333 4 444 5 555 6 666 7 777 8 888 9 999 10 53445
10
1 111 2 222 3 333 4 444 5 555 6 666 7 777 8 888 9 999 10 53445
10
1 111 2 222 3 333 4 444 5 555 6 666 7 777 8 888 9 999 10 53445

10 10
10
1 1 2 0 3 0 4 0 5 1 6 0 7 0 8 0 9 0 10 1
10
1 1 2 0 3 0 4 0 5 1 6 0 7 0 8 0 9 0 10 1
10
1 1 2 0 3 0 4 0 5 1 6 0 7 0 8 0 9 0 10 1
10
1 1 2 0 3 0 4 0 5 1 6 0 7 0 8 0 9 0 10 1
10
1 1 2 0 3 0 4 0 5 1 6 0 7 0 8 0 9 0 10 1
10
1 1 2 0 3 0 4 0 5 1 6 0 7 0 8 0 9 0 10 1
10
1 1 2 0 3 0 4 0 5 1 6 0 7 0 8 0 9 0 10 1
10
1 1 2 0 3 0 4 0 5 1 6 0 7 0 8 0 9 0 10 1
10
1 1 2 0 3 0 4 0 5 1 6 0 7 0 8 0 9 0 10 1
10
1 1 2 0 3 0 4 0 5 1 6 0 7 0 8 0 9 0 10 1
